Parallel programming (2024)
~~~~~~~~~~~~~~~~~~~~~~~~~~~

Variant 370
MPI1Proc:  3[1], 8[1]
MPI2Send:  2[1], 5[1], 8[1], 13[1], 16[1], 18[1], 20[1]
MPI3Coll:  13[1], 17[1], 25[1]
MPI4Type:  12[1], 17[2], 19[2]
MPI5Comm:  2[1], 9[1], 12[1], 13[1], 22[1], 24[1], 26[1], 28[2]
MPI6File:  4[1], 8[1], 10[1], 11[1], 16[1], 17[1], 21[1], 23[1], 28[1]
MPI7Win:   2[1], 6[1], 7[1], 12[1], 17[1], 20[1], 21[1], 26[2]
MPI8Inter: 2[1], 3[1], 6[1], 7[1], 10[1], 14[1], 16[1], 18[1], 19[1]
OMPBegin:  4[4], 6[4], 12[4]
MPI9Matr:  21[1], 33[1], 12[2], 13[1], 38[1], 5[2], 9[2]
MPIGravit: 4[5]
